((("file+datetree" .
   [0 0 0 0 0 0 0 0 0 0 1 0 0])
  ("koukan" .
   [2 0 0 0 0 0])
  ("userAccessToken" .
   [0 0 0 0 2 0 0 0 0 0 0 0 0 0 0])
  ("sess" .
   [1 0 0 0])
  ("fmt" .
   [1 0 0])
  ("#######################################" .
   [0 0 0 0 0 0 0 0 0 0 0 0 0 0 0 0 0 0 0 0 0 0 0 0 0 0 0 0 0 0 1 0 0 0 0 0 0 0 0])
  ("kona_sec" .
   [1 0 0 0 0 0 0 0])
  ("minimun" .
   [1 0 0 0 1 0 0])
  ("kona" .
   [5 0 0 0])
  ("sum_grum" .
   [0 0 1 0 3 0 0 0])
  ("grum" .
   [5 0 0 0])
  ("kind" .
   [3 0 0 0])
  ("split" .
   [1 0 0 0 0])
  ("ans" .
   [2 0 0])
  ("raw_input" .
   [0 0 0 1 0 0 0 0 0])
  ("maxT" .
   [1 0 0 0])
  ("num2" .
   [17 0 0 0])
  ("second" .
   [2 0 0 0 0 0])
  ("first" .
   [1 0 0 1 0])
  ("num" .
   [17 0 0])
  ("Bob" .
   [5 0 0])
  ("reversed" .
   [0 0 0 0 1 1 0 0])
  ("Alice" .
   [5 1 0 3 0])
  ("one" .
   [3 0 0])
  ("z_width" .
   [0 0 1 0 1 1 0])
  ("z_length" .
   [0 0 0 0 1 2 0 0])
  ("sd_width" .
   [1 0 0 0 0 0 0 0])
  ("sd_length" .
   [1 0 0 0 0 0 0 0 0])
  ("length2" .
   [2 0 0 0 0 0 0])
  ("mean" .
   [1 0 0 0])
  ("length" .
   [2 0 0 0 0 1])
  ("width" .
   [6 0 1 0 0])
  ("girls" .
   [0 0 1 0 1])
  ("range" .
   [0 0 0 1 0])
  ("calc" .
   [2 0 0 0])
  ("r" .
   [1])
  ("heron" .
   [1 0 1 0 0])
  ("sqrt" .
   [2 0 0 0])
  ("scanf" .
   [4 0 0 0 1])
  ("data" .
   [8 0 0 0])
  ("target" .
   [0 0 1 0 0 0])
  ("pdf" .
   [1 0 0])
  ("name" .
   [4 0 0 0])
  ("org-agenda" .
   [0 0 0 0 0 1 0 0 0 0])
  ("kbd" .
   [5 0 0])
  ("define-key" .
   [0 0 0 0 1 0 0 0 0 0])
  ("time" .
   [1 0 0 0])
  ("org-log-done" .
   [1 0 0 0 0 0 0 0 0 0 0 0])
  ("setq" .
   [2 0 0 2])
  ("input" .
   [0 0 0 0 3])
  ("df_sample" .
   [0 0 1 0 0 0 0 0 0])
  ("pd" .
   [2 0])
  ("pandas" .
   [0 0 1 1 0 0])
  ("col_index_access" .
   [0 0 0 0 1 0 0 0 0 0 0 0 0 0 0 0])
  ("code" .
   [0 0 1 0])
  ("data_creation" .
   [0 0 0 0 4 0 0 0 0 0 0 0 0])
  ("import" .
   [0 0 0 0 2 0])
  ("printf" .
   [8 0 0 1 1 6])
  ("double" .
   [0 0 0 9 1 1])
  ("math" .
   [4 0 0 0])
  ("include" .
   [0 0 9 1 0 1 0])
  ("i" .
   [2])
  ("print" .
   [0 0 3 4 3])
  ("in" .
   [7 0])
  ("public" .
   [0 0 1 1 0 0])
  ("class" .
   [0 0 0 1 0])
  ("main" .
   [10 0 1 0])
  ("Main" .
   [1 0 0 0])
  ("String" .
   [0 0 0 0 2 0])
  ("args" .
   [3 0 0 0])
  ("java" .
   [3 0 0 0])
  ("util" .
   [0 0 0 1])
  ("scan" .
   [3 0 0 0])
  ("nextInt" .
   [1 0 0 0 1 0 0])
  ("continue" .
   [0 0 0 0 0 0 1 0])
  ("count" .
   [9 0 0 5 1])
  ("println" .
   [0 0 0 3 0 1 0])
  ("new" .
   [0 0 1])
  ("System" .
   [3 0 0 1 0 2])
  ("out" .
   [5 0 1])
  ("Scanner" .
   [2 0 1 0 0 0 0])
  ("charAt" .
   [4 0 2 0 0 1])
  ("else" .
   [0 0 1 0])
  ("background-color" .
   [0 0 3 0 1 0 0 0 0 0 0 0 0 0 0 0])
  ("blue" .
   [2 0 0 0])
  ("padding" .
   [0 0 0 0 0 0 1])
  ("color" .
   [0 0 0 0 1])
  ("display" .
   [0 0 1 1 0 0 0])
  ("inline" .
   [0 0 0 0 1 0])
  ("border" .
   [0 0 0 0 1 0])
  ("border-radius" .
   [0 0 0 0 0 0 0 0 0 1 0 0 0])
  ("skyblue" .
   [0 0 2 0 0 0 0])
  ("margin" .
   [0 0 0 0 1 0])
  ("margin-top" .
   [0 0 0 0 0 0 0 0 0 1])
  ("inline-block" .
   [0 0 0 1 0 0 0 0 0 0 0 0])
  ("Window" .
   [0 0 0 1 0 0])
  ("aqua" .
   [1 0 0 0])
  ("opacity" .
   [0 0 0 1 0 0 0])
  ("　　　　　　" .
   [1 0 0 0 0 0])
  ("stdio" .
   [2 0 0 0 0])
  ("s" .
   [2])
  ("load_iris" .
   [1 0 0 0 0 0 0 0 0])
  ("iris" .
   [4 0 0 0])
  ("sklearn" .
   [1 0 0 1 1 0 0])
  ("maxmin" .
   [1 0 0 1 0 0])
  ("max" .
   [5 0 0])
  ("min" .
   [4 0 0])
  ("return" .
   [0 0 1 1 1 3])
  ("m" .
   [2])
  ("taiseki" .
   [0 0 0 1 0 1 0])
  ("struct" .
   [0 0 2 1 1 0])
  ("define" .
   [0 0 1 0 1 0])
  ("student" .
   [0 0 0 1 0 1 0])
  ("kokugo" .
   [3 0 0 0 2 0])
  ("science" .
   [0 0 1 1 1 0 0])
  ("pickup" .
   [0 0 1 0 0 0])
  ("norm" .
   [3 0 1 0])
  ("append" .
   [0 0 0 0 0 1])
  ("randn" .
   [1 0 0 0 0])
  ("plt" .
   [1 0 0])
  ("False" .
   [0 0 2 0 0])
  ("n_char" .
   [0 0 0 0 1 0])
  ("imp" .
   [0 0 1])
  ("cont" .
   [11 0 1 3])
  ("elif" .
   [0 0 0 6])
  ("cont1" .
   [3 0 0 0 0])
  ("cont2" .
   [3 0 0 0 0])
  ("cont4" .
   [4 0 0 0 0])
  ("cont3" .
   [2 0 0 0 0])
  ("cont5" .
   [2 0 0 0 0])
  ("num3" .
   [2 0 0 0])
  ("num1" .
   [10 0 0 0])
  ("num11" .
   [1 0 0 0 0])
  ("not" .
   [0 0 1])
  ("bn" .
   [3 0])
  ("an" .
   [6 0])
  ("ACCESS_TOKEN" .
   [0 0 1 0 0 0 0 0 0 0 0 0])
  ("tweets" .
   [0 0 0 0 1 0])
  ("config" .
   [3 0 0 1 0 1])
  ("List_one" .
   [3 0 0 0 1 0 0 0])
  ("List_two" .
   [2 0 0 0 0 0 1 0])
  ("line_bot_api" .
   [0 0 0 0 0 1 0 0 0 0 0 0])
  ("reply_message" .
   [0 0 0 0 0 1 0 0 0 0 0 0 0])
  ("event" .
   [2 0 0 0 1])
  ("message" .
   [1 0 0 1 0 0 0])
  ("text" .
   [2 0 7 0])
  ("content" .
   [2 0 0 0 0 0 0])
  ("encoding" .
   [1 0 0 0 0 0 0 0])
  ("line_u" .
   [3 0 0 0 0 0])
  ("line" .
   [1 0 0 0])
  ("encode" .
   [3 0 0 0 0 0])
  ("decode" .
   [1 0 0 0 0 0])
  ("line_format" .
   [1 0 0 0 0 0 0 0 0 0 0])
  ("package" .
   [0 0 1 0 0 0 0])
  ("chain" .
   [1 0 0 0 0])
  ("PrepareChain" .
   [0 0 0 0 0 1 0 0 0 0 0 0])
  ("self" .
   [0 0 13 3])
  ("delimiter" .
   [0 0 0 0 1 0 0 0 0])
  ("tagger" .
   [0 0 1 0 0 0])
  ("MeCab" .
   [0 0 1 0 0])
  ("Tagger" .
   [0 0 1 0 0 0])
  ("month" .
   [6 0 0 0 0])
  ("year" .
   [0 0 2 2])
  ("Mon" .
   [0 0 3])
  ("current_year" .
   [0 0 0 0 1 1 0 0 0 0 0 0])
  ("current_month" .
   [1 0 0 0 0 0 0 0 0 0 0 0 0])
  ("create_calendar" .
   [0 0 0 0 0 0 0 1 0 0 0 0 0 0 0])
  ("global-set-key" .
   [2 0 0 0 0 0 0 0 0 0 0 0 0 1])
  ("gl" .
   [1 0])
  ("半径" .
   [1 0])))
